    246.6139   2.314e+01   1.743e+00   2.860e+00     15  2025-10-31T20:15:15
    248.0586   2.561e+01   2.016e+00   2.618e+00     14  2025-10-31T20:15:41
    248.9305   2.873e+01   2.191e+00   1.342e+00      9  2025-10-31T20:15:51
    250.1221   3.127e+01   2.313e+00   1.142e+00     12  2025-10-31T20:16:03
    251.4584   3.244e+01   2.397e+00   3.405e+00      8  2025-10-31T20:16:14
    252.9060   3.440e+01   2.608e+00   3.449e+00     10  2025-10-31T20:16:25
    253.6186   3.538e+01   2.458e+00   2.282e+00     10  2025-10-31T20:16:35
    255.7339   4.524e+01   3.875e+00   3.436e+00     12  2025-10-31T20:16:47
    257.0031   5.058e+01   3.426e+00   1.929e+00     10  2025-10-31T20:16:57
    257.9270   5.182e+01   3.009e+00   4.584e+00      9  2025-10-31T20:17:13
    259.0290   5.110e+01   2.912e+00   5.174e+00     10  2025-10-31T20:17:22
    260.1866   5.735e+01   3.199e+00   2.914e+00     12  2025-10-31T20:17:31
    261.9896   6.214e+01   3.403e+00   2.766e+00     14  2025-10-31T20:17:41
    260.8878   6.105e+01   3.540e+00   5.483e+00      9  2025-10-31T20:17:53
    263.3696   7.157e+01   4.030e+00   3.295e+00     10  2025-10-31T20:18:04
    264.5936   7.381e+01   3.752e+00   4.615e+00      8  2025-10-31T20:18:13
    265.4504   6.974e+01   3.450e+00   2.663e+00     15  2025-10-31T20:18:25
    267.4754   7.831e+01   3.773e+00   2.503e+00     15  2025-10-31T20:18:36
    268.4767   7.502e+01   3.625e+00   2.692e+00     13  2025-10-31T20:18:44
    270.1677   7.919e+01   4.417e+00   3.232e+00     11  2025-10-31T20:18:55
    271.2801   7.685e+01   3.777e+00   5.162e+00     17  2025-10-31T20:19:11
    272.8596   6.793e+01   4.622e+00   2.406e+00     13  2025-10-31T20:19:21
    274.8393   5.898e+01   3.307e+00   4.031e+00     13  2025-10-31T20:19:30
    276.4074   4.916e+01   3.175e+00   3.717e+00     14  2025-10-31T20:19:40
    277.5639   4.505e+01   2.944e+00   1.513e+00     12  2025-10-31T20:19:49
    278.7759   3.756e+01   2.803e+00   2.944e+00     13  2025-10-31T20:19:59
    279.4764   3.611e+01   2.587e+00   2.389e+00      8  2025-10-31T20:20:11
    280.9440   2.640e+01   2.176e+00   1.281e+00      6  2025-10-31T20:20:20
    282.0669   2.398e+01   2.206e+00   1.798e+00     13  2025-10-31T20:20:29
    282.9563   1.960e+01   2.054e+00   1.636e+00     11  2025-10-31T20:20:38
    283.7566   2.120e+01   2.057e+00   2.414e+00      7  2025-10-31T20:20:47
    284.5570   1.677e+01   1.650e+00   1.009e+00      5  2025-10-31T20:20:59
    285.2794   1.316e+01   1.521e+00   1.922e+00     10  2025-10-31T20:21:07
    286.0686   1.096e+01   1.323e+00   1.081e+00     11  2025-10-31T20:21:17
    286.8244   1.046e+01   1.242e+00   2.866e+00     11  2025-10-31T20:21:25
    287.7914   9.471e+00   1.393e+00   1.870e+00     10  2025-10-31T20:21:34
    288.7249   7.494e+00   1.051e+00   3.317e+00      8  2025-10-31T20:21:43
    289.5583   6.995e+00   9.081e-01   2.408e+00      9  2025-10-31T20:21:53
    290.3807   6.178e+00   8.803e-01   1.568e+00      7  2025-10-31T20:22:02
    290.8363   4.299e+00   8.359e-01   1.287e+00      8  2025-10-31T20:22:11
    291.3807   4.054e+00   6.850e-01   2.664e+00      7  2025-10-31T20:22:21
