    263.0097      0.0001   4.880e+04   2.117e+02      0.0888      0.0003  4.6101e+03  2.0001e+01    262.7797    263.2249  1.1840e+03  2.7826e+01  1.0598e+03  2.6202e+01
    269.4427      0.0006   3.667e+03   6.175e+01      0.0979      0.0015  3.8210e+02  6.4351e+00    269.1220    269.7005  8.4826e+02  1.9250e+01  8.2893e+02  1.8211e+01
    247.2341      0.0009   8.496e+03   1.762e+02      0.1162      0.0021  1.0512e+03  2.1798e+01    246.6584    247.6831  6.8874e+02  3.2460e+01  9.9974e+02  3.0099e+01
    253.2008      0.0010   4.666e+03   1.058e+02      0.1106      0.0021  5.4947e+02  1.2460e+01    252.8725    253.5629  7.8130e+02  2.5611e+01  8.1534e+02  2.5040e+01
    263.7832      0.0002   2.516e+04   1.594e+02      0.1230      0.0005  3.2945e+03  2.0877e+01    263.4029    264.1596  1.0650e+03  1.9417e+01  9.5390e+02  1.8198e+01
    254.9084      0.0006   8.919e+03   1.356e+02      0.1006      0.0015  9.5485e+02  1.4517e+01    254.6985    255.4111  1.1972e+03  3.8532e+01  1.7824e+03  4.0762e+01
    255.1344      0.0002   5.545e+04   2.701e+02      0.1232      0.0004  7.2711e+03  3.5425e+01    254.6985    255.4111  1.1972e+03  3.8532e+01  1.7824e+03  4.0762e+01
    275.4049      0.0045   3.117e+02   3.395e+01      0.0911      0.0115  3.0212e+01  3.8092e+00    275.1730    275.8402  6.5472e+02  1.7360e+01  6.2476e+02  1.6820e+01
    275.5816      0.0013   1.441e+03   4.518e+01      0.1015      0.0031  1.5572e+02  4.8827e+00    275.1730    275.8402  6.5472e+02  1.7360e+01  6.2476e+02  1.6820e+01
    258.3992      0.0007   4.528e+03   9.033e+01      0.0838      0.0015  4.0387e+02  8.0559e+00    258.1719    258.6171  9.9146e+02  2.8662e+01  7.9195e+02  2.7401e+01
    261.0843      0.0015   1.330e+03   5.709e+01      0.0795      0.0036  1.1251e+02  5.0310e+00    260.8432    261.3329  8.0251e+02  2.3979e+01  8.9563e+02  2.2666e+01
    264.8138      0.0002   1.757e+04   1.332e+02      0.0812      0.0005  1.5193e+03  1.1518e+01    264.4935    265.2946  9.3795e+02  1.7066e+01  7.9750e+02  1.8105e+01
    265.0356      0.0006   4.436e+03   7.169e+01      0.0921      0.0014  4.3487e+02  7.0280e+00    264.4935    265.2946  9.3795e+02  1.7066e+01  7.9750e+02  1.8105e+01
    284.1900      0.0002   6.927e+04   3.521e+02      0.0972      0.0004  7.1709e+03  3.6446e+01    283.7122    284.5347  5.3428e+02  2.1525e+01  4.7915e+02  1.9418e+01
    259.3069      0.0016   1.790e+03   5.811e+01      0.1146      0.0038  2.1832e+02  7.2082e+00    258.9065    260.1532  7.7053e+02  1.6540e+01  8.1863e+02  2.5201e+01
    259.5137      0.0031   7.626e+02   4.731e+01      0.1115      0.0075  9.0508e+01  6.0878e+00    258.9065    260.1532  7.7053e+02  1.6540e+01  8.1863e+02  2.5201e+01
    259.7303      0.0020   1.199e+03   5.470e+01      0.1071      0.0050  1.3667e+02  6.3631e+00    258.9065    260.1532  7.7053e+02  1.6540e+01  8.1863e+02  2.5201e+01
    259.9867      0.0059   3.083e+02   4.515e+01      0.0869      0.0159  2.8522e+01  5.2309e+00    258.9065    260.1532  7.7053e+02  1.6540e+01  8.1863e+02  2.5201e+01
    270.5435      0.0010   6.700e+03   4.527e+02      0.0864      0.0008  6.1605e+02  2.9741e+01    270.0120    274.9950  7.9156e+02  7.8689e+00  6.2356e+02  6.7024e+00
    270.6142      0.0062   3.132e+03   1.665e+02      0.1232      0.0089  4.1079e+02  2.6008e+01    270.0120    274.9950  7.9156e+02  7.8689e+00  6.2356e+02  6.7024e+00
    274.2264      0.0004   7.282e+03   7.979e+01      0.0864      0.0008  6.6955e+02  6.9439e+00    270.0120    274.9950  7.9156e+02  7.8689e+00  6.2356e+02  6.7024e+00
    251.9774      0.0008   4.884e+03   1.307e+02      0.0798      0.0018  4.1486e+02  1.1105e+01    251.6254    252.7612  8.0830e+02  2.5668e+01  8.5864e+02  3.7133e+01
    252.2225      0.0009   4.202e+03   1.165e+02      0.0813      0.0019  3.6358e+02  1.0077e+01    251.6254    252.7612  8.0830e+02  2.5668e+01  8.5864e+02  3.7133e+01
