    172.6512   3.736e-01   4.330e-01   6.984e-01     17  2025-10-30T20:57:15
    171.2456  -2.683e-01   3.841e-01   7.462e-01     11  2025-10-30T20:57:29
    173.9339   1.025e+00   4.547e-01   1.187e+00     22  2025-10-30T20:58:33
    175.6181   1.650e+00   5.633e-01   1.055e+00     15  2025-10-30T20:58:54
    176.5884   4.167e+00   9.601e-01   1.291e+00     10  2025-10-30T20:59:09
    177.7928   5.896e+00   1.130e+00   1.885e+00      8  2025-10-30T20:59:25
    179.5213   1.500e+01   1.769e+00   1.770e+00     11  2025-10-30T20:59:38
    180.9821   2.606e+01   2.424e+00   1.789e+00      6  2025-10-30T20:59:52
    182.5430   4.874e+01   3.328e+00   3.585e+00     10  2025-10-30T21:00:06
    183.6913   7.466e+01   4.206e+00   4.559e+00      5  2025-10-30T21:00:20
    184.2710   9.203e+01   4.256e+00   4.419e+00      7  2025-10-30T21:00:36
    185.3970   1.300e+02   5.167e+00   5.032e+00      8  2025-10-30T21:00:48
    186.2888   1.649e+02   5.859e+00   6.590e+00      6  2025-10-30T21:01:09
    187.7044   2.228e+02   7.537e+00   5.255e+00      7  2025-10-30T21:01:21
    189.4208   2.856e+02   7.298e+00   4.662e+00      9  2025-10-30T21:01:33
    190.7025   3.489e+02   8.235e+00   1.811e+00      6  2025-10-30T21:01:44
    193.2305   4.680e+02   9.638e+00   1.144e+01     13  2025-10-30T21:02:13
    194.2239   5.006e+02   1.008e+01   5.741e+00      6  2025-10-30T21:02:29
    194.9927   5.021e+02   1.009e+01   7.310e+00      5  2025-10-30T21:02:52
    195.6835   5.191e+02   1.057e+01   9.992e+00      7  2025-10-30T21:03:16
    196.1181   5.228e+02   9.655e+00   5.999e+00      6  2025-10-30T21:03:36
    197.1431   5.241e+02   9.743e+00   6.331e+00      6  2025-10-30T21:03:53
    197.7112   5.036e+02   9.789e+00   9.846e+00      7  2025-10-30T21:04:11
    198.2162   4.731e+02   9.478e+00   8.657e+00      9  2025-10-30T21:04:38
    199.4156   3.957e+02   8.370e+00   5.125e+00      8  2025-10-30T21:04:52
    199.7498   3.754e+02   8.286e+00   4.536e+00      8  2025-10-30T21:05:03
    201.3650   2.173e+02   6.672e+00   7.188e+00      9  2025-10-30T21:05:14
    202.2449   1.597e+02   5.532e+00   3.328e+00      8  2025-10-30T21:05:28
    202.9911   1.227e+02   4.735e+00   2.704e+00      9  2025-10-30T21:05:37
    203.5035   9.575e+01   4.593e+00   1.902e+00      5  2025-10-30T21:05:48
    204.0826   8.862e+01   4.083e+00   3.104e+00      7  2025-10-30T21:05:58
    205.1406   6.841e+01   3.805e+00   3.667e+00     10  2025-10-30T21:06:08
    206.6328   4.569e+01   2.904e+00   1.639e+00      8  2025-10-30T21:06:17
    207.3009   4.152e+01   2.645e+00   2.009e+00      8  2025-10-30T21:06:31
    209.0379   3.117e+01   2.267e+00   2.001e+00     10  2025-10-30T21:06:40
    210.0177   2.388e+01   2.035e+00   3.543e+00      8  2025-10-30T21:06:49
    210.8861   1.938e+01   1.611e+00   2.268e+00     10  2025-10-30T21:06:57
    211.9437   1.717e+01   2.121e+00   1.496e+00      9  2025-10-30T21:07:06
    200.6600   2.996e+02   7.485e+00   1.503e+01     17  2025-10-30T21:09:30
    207.9802   3.600e+01   2.454e+00   3.849e+00     11  2025-10-30T21:10:09
