21:07:26 -1003   582   49.6    5.7  258.4  0.618
22:49:57  -601   568   71.7   10.8  247.4  0.966
22:52:12  -594   566   71.8   11.9  251.4  0.999
22:58:33  -574   560   73.2   14.0  271.9  0.999
23:00:47  -568   558   73.3   11.6  278.9  0.999
23:03:02  -561   556   75.8   11.7  286.7  0.999
23:11:38  -539   552   83.7   13.6  324.2  0.999
23:13:52  -533   552   85.4   12.5  340.6  0.999
23:16:07  -528   551   87.0   12.8  349.1  0.999
23:22:29  -509   554   93.2   16.1  421.5  0.999
23:24:42  -503   557   93.0   14.7  447.5  0.999
23:26:57  -496   558   95.7   14.1  468.9  0.947
23:31:05  -480   563  104.8   21.5  504.2  0.732
00:14:08  -267   575   80.2   13.1  309.9  0.691
00:18:15  -249   572   75.5   12.7  307.7  0.925
00:20:30  -239   569   74.6   12.7  298.9  0.999
00:26:51  -213   562   73.0   12.1  280.6  0.999
00:29:05  -205   559   73.8   12.2  283.1  0.999
00:35:27  -185   551   71.7   12.6  274.6  0.999
00:37:41  -177   549   69.8   11.9  267.7  0.999
00:39:55  -171   548   68.7   12.5  264.3  0.999
00:46:17  -154   544   66.2   11.9  261.7  0.999
00:48:33  -148   541   67.9   12.3  262.9  0.999
00:50:46  -142   541   68.4   11.0  259.0  0.966
00:53:01  -136   542   66.6   12.4  254.8  0.900
00:57:08  -123   543   67.3   12.7  246.1  0.721
00:59:23  -119   543   67.1   10.1  247.8  0.681
01:01:37  -112   544   65.3   11.0  232.0  0.618
01:49:27   111   567   41.0    7.4   93.3  0.576
01:51:41   122   566   39.6    6.2   90.3  0.672
01:55:48   142   562   37.0    6.7   83.2  0.925
01:58:03   152   560   37.4    6.5   82.5  0.999
02:02:09   172   553   36.1    6.9   81.6  0.999
02:04:24   179   551   35.1    6.5   82.6  0.999
02:06:38   187   548   34.6    5.6   78.0  0.999
02:13:00   208   541   33.7    6.1   69.1  0.999
02:15:14   213   539   33.8    6.1   67.8  0.999
02:17:29   219   537   33.0    5.4   68.5  0.999
02:23:51   240   536   34.7    7.9   81.1  0.999
02:26:05   245   532   34.6    6.1   82.0  0.995
02:28:19   251   531   34.7    6.0   83.7  0.947
02:34:41   268   532   35.5    7.5   80.7  0.721
02:36:56   273   533   35.1    5.9   79.1  0.672
02:39:10   278   534   34.9    5.6   78.2  0.627
03:29:12   507   556   46.8    8.7  173.5  0.627
03:30:57   523   555   46.1   10.3  184.5  0.622
03:34:24   537   552   46.4    7.8  187.6  0.592
03:52:44   605   531   49.8    9.0  210.1  0.629
03:57:57   624   527   53.2   11.6  212.5  0.624
04:01:24   630   525   55.2    9.2  235.2  0.629
04:04:51   639   523   58.4    9.8  271.0  0.576
05:07:11   906   549   70.2   10.6  321.9  0.624
05:08:57   920   549   61.4   10.9  355.5  0.622
05:12:24   933   545   59.4    8.7  372.0  0.601
